{
    "camera_angle_x": 0.7299155819158947,
    "fl_x": 1884.4532470703125,
    "fl_y": 1834.397705078125,
    "cx": 718.3430786132812,
    "cy": 1277.8890380859375,
    "w": 1440,
    "h": 2560,
    "frames": [
        {
            "file_path": "images/frame_000001.jpg",
            "transform_matrix": [
                [
                    0.9952363967895508,
                    0.09749166667461395,
                    -0.0002205371856689453,
                    0.07543927431106567
                ],
                [
                    0.01855456829071045,
                    -0.18719002604484558,
                    0.9821485280990601,
                    0.5898986458778381
                ],
                [
                    0.09570997208356857,
                    -0.9774737358093262,
                    -0.18810728192329407,
                    -0.0025852397084236145
                ],
                [
                    0.0,
                    0.0,
                    0.0,
                    1.0
                ]
            ]
        },
        {
            "file_path": "images/frame_000002.jpg",
            "transform_matrix": [
                [
                    0.9954000115394592,
                    0.09536752104759216,
                    -0.009161770343780518,
                    0.07718916237354279
                ],
                [
                    0.026784777641296387,
                    -0.18519499897956848,
                    0.9823366403579712,
                    0.5870497226715088
                ],
                [
                    0.091986283659935,
                    -0.9780632257461548,
                    -0.18689753115177155,
                    -0.0009253323078155518
                ],
                [
                    0.0,
                    0.0,
                    0.0,
                    1.0
                ]
            ]
        },
        {
            "file_path": "images/frame_000003.jpg",
            "transform_matrix": [
                [
                    0.9954345226287842,
                    0.09417972713708878,
                    -0.015502572059631348,
                    0.07620252668857574
                ],
                [
                    0.03283378481864929,
                    -0.1853729486465454,
                    0.9821195602416992,
                    0.5835756659507751
                ],
                [
                    0.08962196111679077,
                    -0.9781447649002075,
                    -0.1876189112663269,
                    -0.0016985610127449036
                ],
                [
                    0.0,
                    0.0,
                    0.0,
                    1.0
                ]
            ]
        },
        {
            "file_path": "images/frame_000004.jpg",
            "transform_matrix": [
                [
                    0.9949029088020325,
                    0.09907714277505875,
                    -0.018758684396743774,
                    0.07630571722984314
                ],
                [
                    0.03704342246055603,
                    -0.1860845983028412,
                    0.981835126876831,
                    0.5814956426620483
                ],
                [
                    0.09378671646118164,
                    -0.9775255918502808,
                    -0.18880626559257507,
                    -0.0018212944269180298
                ],
                [
                    0.0,
                    0.0,
                    0.0,
                    1.0
                ]
            ]
        },
        {
            "file_path": "images/frame_000005.jpg",
            "transform_matrix": [
                [
                    0.9939885139465332,
                    0.10759163647890091,
                    -0.020270109176635742,
                    0.0745481550693512
                ],
                [
                    0.04020652174949646,
                    -0.18651114404201508,
                    0.9816297292709351,
                    0.5789682865142822
                ],
                [
                    0.10183455049991608,
                    -0.9765437841415405,
                    -0.18971583247184753,
                    -0.0032784268260002136
                ],
                [
                    0.0,
                    0.0,
                    0.0,
                    1.0
                ]
            ]
        },
        {
            "file_path": "images/frame_000006.jpg",
            "transform_matrix": [
                [
                    0.9938925504684448,
                    0.10853193700313568,
                    -0.01996329426765442,
                    0.07606735825538635
                ],
                [
                    0.04006463289260864,
                    -0.18632753193378448,
                    0.9816703796386719,
                    0.5789580345153809
                ],
                [
                    0.10282286256551743,
                    -0.9764745831489563,
                    -0.1895378679037094,
                    -0.002928800880908966
                ],
                [
                    0.0,
                    0.0,
                    0.0,
                    1.0
                ]
            ]
        },
        {
            "file_path": "images/frame_000007.jpg",
            "transform_matrix": [
                [
                    0.9937506318092346,
                    0.11067260801792145,
                    -0.014537900686264038,
                    0.07511793076992035
                ],
                [
                    0.035290688276290894,
                    -0.18794572353363037,
                    0.9815452098846436,
                    0.5784511566162109
                ],
                [
                    0.10589780658483505,
                    -0.9759240746498108,
                    -0.19067689776420593,
                    -0.0027581900358200073
                ],
                [
                    0.0,
                    0.0,
                    0.0,
                    1.0
                ]
            ]
        },
        {
            "file_path": "images/frame_000008.jpg",
            "transform_matrix": [
                [
                    0.9938756227493286,
                    0.11022891104221344,
                    -0.0078009068965911865,
                    0.07493890821933746
                ],
                [
                    0.028729289770126343,
                    -0.18958048522472382,
                    0.9814446568489075,
                    0.5785195231437683
                ],
                [
                    0.10670467466115952,
                    -0.9756580591201782,
                    -0.1915862262248993,
                    -0.004695184528827667
                ],
                [
                    0.0,
                    0.0,
                    0.0,
                    1.0
                ]
            ]
        },
        {
            "file_path": "images/frame_000009.jpg",
            "transform_matrix": [
                [
                    0.9935479164123535,
                    0.11327317357063293,
                    -0.005646198987960815,
                    0.0733892172574997
                ],
                [
                    0.027050673961639404,
                    -0.1883312314748764,
                    0.9817330837249756,
                    0.5807125568389893
                ],
                [
                    0.1101405918598175,
                    -0.9755514860153198,
                    -0.1901802271604538,
                    -0.008305482566356659
                ],
                [
                    0.0,
                    0.0,
                    0.0,
                    1.0
                ]
            ]
        },
        {
            "file_path": "images/frame_000010.jpg",
            "transform_matrix": [
                [
                    0.9914276003837585,
                    0.13065342605113983,
                    -0.0009836256504058838,
                    0.06442120671272278
                ],
                [
                    0.026409804821014404,
                    -0.19301936030387878,
                    0.9808394312858582,
                    0.5692838430404663
                ],
                [
                    0.12796016037464142,
                    -0.9724571704864502,
                    -0.1948152780532837,
                    -0.008628912270069122
                ],
                [
                    0.0,
                    0.0,
                    0.0,
                    1.0
                ]
            ]
        },
        {
            "file_path": "images/frame_000011.jpg",
            "transform_matrix": [
                [
                    0.9910550713539124,
                    0.133388489484787,
                    -0.004181563854217529,
                    0.04961000382900238
                ],
                [
                    0.03159484267234802,
                    -0.20407088100910187,
                    0.9784461855888367,
                    0.5557687282562256
                ],
                [
                    0.12966006994247437,
                    -0.9698259234428406,
                    -0.2064599096775055,
                    -0.008687585592269897
                ],
                [
                    0.0,
                    0.0,
                    0.0,
                    1.0
                ]
            ]
        },
        {
            "file_path": "images/frame_000012.jpg",
            "transform_matrix": [
                [
                    0.988059401512146,
                    0.14120075106620789,
                    -0.06165266036987305,
                    0.0343203991651535
                ],
                [
                    0.09109488129615784,
                    -0.21265408396720886,
                    0.9728720188140869,
                    0.548467755317688
                ],
                [
                    0.12425954639911652,
                    -0.9668716192245483,
                    -0.22297754883766174,
                    -0.014597974717617035
                ],
                [
                    0.0,
                    0.0,
                    0.0,
                    1.0
                ]
            ]
        },
        {
            "file_path": "images/frame_000013.jpg",
            "transform_matrix": [
                [
                    0.983494758605957,
                    0.14429646730422974,
                    -0.10916337370872498,
                    0.017746329307556152
                ],
                [
                    0.1382647156715393,
                    -0.210196852684021,
                    0.9678326845169067,
                    0.5576049089431763
                ],
                [
                    0.11670900881290436,
                    -0.966951847076416,
                    -0.22667860984802246,
                    -0.014268055558204651
                ],
                [
                    0.0,
                    0.0,
                    0.0,
                    1.0
                ]
            ]
        },
        {
            "file_path": "images/frame_000014.jpg",
            "transform_matrix": [
                [
                    0.9801247119903564,
                    0.13526248931884766,
                    -0.1451195478439331,
                    -0.003828898072242737
                ],
                [
                    0.16971918940544128,
                    -0.19295811653137207,
                    0.9664173126220703,
                    0.5537651777267456
                ],
                [
                    0.10271807014942169,
                    -0.9718390703201294,
                    -0.21207965910434723,
                    -0.01248515397310257
                ],
                [
                    0.0,
                    0.0,
                    0.0,
                    1.0
                ]
            ]
        },
        {
            "file_path": "images/frame_000015.jpg",
            "transform_matrix": [
                [
                    0.9718500375747681,
                    0.14245140552520752,
                    -0.18765658140182495,
                    -0.02676999568939209
                ],
                [
                    0.21189051866531372,
                    -0.18024632334709167,
                    0.9605278372764587,
                    0.5661824345588684
                ],
                [
                    0.103004090487957,
                    -0.9732517600059509,
                    -0.20535650849342346,
                    -0.014390535652637482
                ],
                [
                    0.0,
                    0.0,
                    0.0,
                    1.0
                ]
            ]
        },
        {
            "file_path": "images/frame_000016.jpg",
            "transform_matrix": [
                [
                    0.955758273601532,
                    0.19695860147476196,
                    -0.2184796780347824,
                    -0.0583796352148056
                ],
                [
                    0.24860879778862,
                    -0.14387373626232147,
                    0.9578590393066406,
                    0.5717058181762695
                ],
                [
                    0.1572250872850418,
                    -0.9697976112365723,
                    -0.18647417426109314,
                    -0.024259451776742935
                ],
                [
                    0.0,
                    0.0,
                    0.0,
                    1.0
                ]
            ]
        },
        {
            "file_path": "images/frame_000017.jpg",
            "transform_matrix": [
                [
                    0.9521840214729309,
                    0.20661331713199615,
                    -0.22507013380527496,
                    -0.07401753962039948
                ],
                [
                    0.254830002784729,
                    -0.1306888461112976,
                    0.9581139087677002,
                    0.5756978392601013
                ],
                [
                    0.16854487359523773,
                    -0.9696552753448486,
                    -0.17709112167358398,
                    -0.03110484778881073
                ],
                [
                    0.0,
                    0.0,
                    0.0,
                    1.0
                ]
            ]
        },
        {
            "file_path": "images/frame_000018.jpg",
            "transform_matrix": [
                [
                    0.9570810198783875,
                    0.18547764420509338,
                    -0.22269722819328308,
                    -0.10305966436862946
                ],
                [
                    0.24914978444576263,
                    -0.13401612639427185,
                    0.959147572517395,
                    0.5638225078582764
                ],
                [
                    0.14805541932582855,
                    -0.9734668135643005,
                    -0.1744760274887085,
                    -0.024026986211538315
                ],
                [
                    0.0,
                    0.0,
                    0.0,
                    1.0
                ]
            ]
        },
        {
            "file_path": "images/frame_000019.jpg",
            "transform_matrix": [
                [
                    0.9485636949539185,
                    0.16016264259815216,
                    -0.2730841040611267,
                    -0.12117224186658859
                ],
                [
                    0.2970864176750183,
                    -0.15226633846759796,
                    0.9426319003105164,
                    0.5541216135025024
                ],
                [
                    0.10939281433820724,
                    -0.9752758741378784,
                    -0.19201649725437164,
                    -0.0189298614859581
                ],
                [
                    0.0,
                    0.0,
                    0.0,
                    1.0
                ]
            ]
        },
        {
            "file_path": "images/frame_000020.jpg",
            "transform_matrix": [
                [
                    0.9356169700622559,
                    0.1639156937599182,
                    -0.31265419721603394,
                    -0.14302244782447815
                ],
                [
                    0.33944278955459595,
                    -0.17449072003364563,
                    0.9243006706237793,
                    0.5384750366210938
                ],
                [
                    0.09695202112197876,
                    -0.9709193706512451,
                    -0.2188965082168579,
                    -0.021869130432605743
                ],
                [
                    0.0,
                    0.0,
                    0.0,
                    1.0
                ]
            ]
        },
        {
            "file_path": "images/frame_000021.jpg",
            "transform_matrix": [
                [
                    0.9233890175819397,
                    0.17168661952018738,
                    -0.34333139657974243,
                    -0.1676042228937149
                ],
                [
                    0.3744221031665802,
                    -0.2056647539138794,
                    0.9041625261306763,
                    0.5201157927513123
                ],
                [
                    0.08462143689393997,
                    -0.9634445905685425,
                    -0.2541918456554413,
                    -0.021017104387283325
                ],
                [
                    0.0,
                    0.0,
                    0.0,
                    1.0
                ]
            ]
        },
        {
            "file_path": "images/frame_000022.jpg",
            "transform_matrix": [
                [
                    0.9097771644592285,
                    0.17708992958068848,
                    -0.3754258453845978,
                    -0.19171808660030365
                ],
                [
                    0.4076858162879944,
                    -0.21106314659118652,
                    0.888394296169281,
                    0.508610188961029
                ],
                [
                    0.07808715850114822,
                    -0.961296796798706,
                    -0.2642174959182739,
                    -0.010592646896839142
                ],
                [
                    0.0,
                    0.0,
                    0.0,
                    1.0
                ]
            ]
        },
        {
            "file_path": "images/frame_000023.jpg",
            "transform_matrix": [
                [
                    0.8532413244247437,
                    0.1952417641878128,
                    -0.48359012603759766,
                    -0.23501741886138916
                ],
                [
                    0.5154204368591309,
                    -0.17433716356754303,
                    0.8390162587165833,
                    0.4892862141132355
                ],
                [
                    0.07950325310230255,
                    -0.9651358127593994,
                    -0.24938330054283142,
                    -0.01177755743265152
                ],
                [
                    0.0,
                    0.0,
                    0.0,
                    1.0
                ]
            ]
        },
        {
            "file_path": "images/frame_000024.jpg",
            "transform_matrix": [
                [
                    0.838284432888031,
                    0.1927669793367386,
                    -0.5100193023681641,
                    -0.26443159580230713
                ],
                [
                    0.5387235283851624,
                    -0.14872479438781738,
                    0.8292512893676758,
                    0.49442434310913086
                ],
                [
                    0.08399970829486847,
                    -0.9699079990386963,
                    -0.22852182388305664,
                    -0.009516045451164246
                ],
                [
                    0.0,
                    0.0,
                    0.0,
                    1.0
                ]
            ]
        },
        {
            "file_path": "images/frame_000025.jpg",
            "transform_matrix": [
                [
                    0.8292330503463745,
                    0.19243066012859344,
                    -0.5247315168380737,
                    -0.2635517120361328
                ],
                [
                    0.5524177551269531,
                    -0.13958260416984558,
                    0.8217976093292236,
                    0.49105963110923767
                ],
                [
                    0.08489564061164856,
                    -0.9713326692581177,
                    -0.2220485955476761,
                    -0.007402241230010986
                ],
                [
                    0.0,
                    0.0,
                    0.0,
                    1.0
                ]
            ]
        },
        {
            "file_path": "images/frame_000026.jpg",
            "transform_matrix": [
                [
                    0.7920858860015869,
                    0.21122029423713684,
                    -0.5727001428604126,
                    -0.28677189350128174
                ],
                [
                    0.6007353663444519,
                    -0.10336650907993317,
                    0.7927372455596924,
                    0.49284663796424866
                ],
                [
                    0.10824419558048248,
                    -0.9719575047492981,
                    -0.20876270532608032,
                    -0.00722956657409668
                ],
                [
                    0.0,
                    0.0,
                    0.0,
                    1.0
                ]
            ]
        },
        {
            "file_path": "images/frame_000027.jpg",
            "transform_matrix": [
                [
                    0.7793580889701843,
                    0.20913860201835632,
                    -0.5906453132629395,
                    -0.31162402033805847
                ],
                [
                    0.6171655058860779,
                    -0.09344149380922318,
                    0.7812651991844177,
                    0.46820956468582153
                ],
                [
                    0.10820193588733673,
                    -0.9734112620353699,
                    -0.2018975466489792,
                    -0.010666117072105408
                ],
                [
                    0.0,
                    0.0,
                    0.0,
                    1.0
                ]
            ]
        },
        {
            "file_path": "images/frame_000028.jpg",
            "transform_matrix": [
                [
                    0.7726889252662659,
                    0.19798004627227783,
                    -0.6031214594841003,
                    -0.3390464186668396
                ],
                [
                    0.6281751394271851,
                    -0.10172883421182632,
                    0.7713930010795593,
                    0.44575971364974976
                ],
                [
                    0.09136553108692169,
                    -0.9749128222465515,
                    -0.20297086238861084,
                    -0.007111743092536926
                ],
                [
                    0.0,
                    0.0,
                    0.0,
                    1.0
                ]
            ]
        },
        {
            "file_path": "images/frame_000029.jpg",
            "transform_matrix": [
                [
                    0.7600477933883667,
                    0.19285283982753754,
                    -0.6205925345420837,
                    -0.3623138666152954
                ],
                [
                    0.6461539268493652,
                    -0.12232185900211334,
                    0.7533408403396606,
                    0.4330688714981079
                ],
                [
                    0.06937186419963837,
                    -0.9735733270645142,
                    -0.21758310496807098,
                    -0.007164217531681061
                ],
                [
                    0.0,
                    0.0,
                    0.0,
                    1.0
                ]
            ]
        },
        {
            "file_path": "images/frame_000030.jpg",
            "transform_matrix": [
                [
                    0.737389326095581,
                    0.1866270750761032,
                    -0.6491742134094238,
                    -0.3648199439048767
                ],
                [
                    0.6742691993713379,
                    -0.14614292979240417,
                    0.7238807082176208,
                    0.41549110412597656
                ],
                [
                    0.04022347182035446,
                    -0.9715000987052917,
                    -0.23360112309455872,
                    -0.010178253054618835
                ],
                [
                    0.0,
                    0.0,
                    0.0,
                    1.0
                ]
            ]
        },
        {
            "file_path": "images/frame_000031.jpg",
            "transform_matrix": [
                [
                    0.7347210645675659,
                    0.19230467081069946,
                    -0.650541365146637,
                    -0.3653090000152588
                ],
                [
                    0.6777653694152832,
                    -0.16763350367546082,
                    0.7159141898155212,
                    0.4057406783103943
                ],
                [
                    0.028621099889278412,
                    -0.9669114351272583,
                    -0.2535013258457184,
                    -0.010832227766513824
                ],
                [
                    0.0,
                    0.0,
                    0.0,
                    1.0
                ]
            ]
        },
        {
            "file_path": "images/frame_000032.jpg",
            "transform_matrix": [
                [
                    0.7169454097747803,
                    0.21768784523010254,
                    -0.6622697114944458,
                    -0.3724001348018646
                ],
                [
                    0.6957916021347046,
                    -0.16462287306785583,
                    0.699123203754425,
                    0.389187216758728
                ],
                [
                    0.043165892362594604,
                    -0.9620350003242493,
                    -0.2694910168647766,
                    -0.017164155840873718
                ],
                [
                    0.0,
                    0.0,
                    0.0,
                    1.0
                ]
            ]
        },
        {
            "file_path": "images/frame_000033.jpg",
            "transform_matrix": [
                [
                    0.6694884896278381,
                    0.21363583207130432,
                    -0.7114386558532715,
                    -0.3742668032646179
                ],
                [
                    0.7425426244735718,
                    -0.16618454456329346,
                    0.6488552689552307,
                    0.36986517906188965
                ],
                [
                    0.020388633012771606,
                    -0.9626746773719788,
                    -0.2698923349380493,
                    -0.008739523589611053
                ],
                [
                    0.0,
                    0.0,
                    0.0,
                    1.0
                ]
            ]
        },
        {
            "file_path": "images/frame_000034.jpg",
            "transform_matrix": [
                [
                    0.6195562481880188,
                    0.21184322237968445,
                    -0.7558257579803467,
                    -0.40264892578125
                ],
                [
                    0.7844027280807495,
                    -0.13106492161750793,
                    0.6062460541725159,
                    0.3639591336250305
                ],
                [
                    0.029366858303546906,
                    -0.9684754014015198,
                    -0.24737244844436646,
                    -0.006074763834476471
                ],
                [
                    0.0,
                    0.0,
                    0.0,
                    1.0
                ]
            ]
        },
        {
            "file_path": "images/frame_000035.jpg",
            "transform_matrix": [
                [
                    0.5585126280784607,
                    0.21274492144584656,
                    -0.8017503023147583,
                    -0.4305565655231476
                ],
                [
                    0.8282801508903503,
                    -0.09072037041187286,
                    0.5529210567474365,
                    0.35684677958488464
                ],
                [
                    0.044896066188812256,
                    -0.9728871583938599,
                    -0.22688084840774536,
                    -0.010909050703048706
                ],
                [
                    0.0,
                    0.0,
                    0.0,
                    1.0
                ]
            ]
        },
        {
            "file_path": "images/frame_000036.jpg",
            "transform_matrix": [
                [
                    0.5319753885269165,
                    0.21419920027256012,
                    -0.8192195892333984,
                    -0.45548197627067566
                ],
                [
                    0.8449646234512329,
                    -0.07131906598806381,
                    0.530045747756958,
                    0.3521781265735626
                ],
                [
                    0.05510936677455902,
                    -0.9741828441619873,
                    -0.21893072128295898,
                    -0.014030389487743378
                ],
                [
                    0.0,
                    0.0,
                    0.0,
                    1.0
                ]
            ]
        },
        {
            "file_path": "images/frame_000037.jpg",
            "transform_matrix": [
                [
                    0.5288034081459045,
                    0.21475864946842194,
                    -0.8211246132850647,
                    -0.4655846655368805
                ],
                [
                    0.8458676934242249,
                    -0.05376478284597397,
                    0.5306761264801025,
                    0.338602751493454
                ],
                [
                    0.06981968134641647,
                    -0.9751861691474915,
                    -0.2100883424282074,
                    -0.01568175107240677
                ],
                [
                    0.0,
                    0.0,
                    0.0,
                    1.0
                ]
            ]
        },
        {
            "file_path": "images/frame_000038.jpg",
            "transform_matrix": [
                [
                    0.518857479095459,
                    0.2088155448436737,
                    -0.8289649486541748,
                    -0.4732169508934021
                ],
                [
                    0.8525916934013367,
                    -0.055798742920160294,
                    0.5195900201797485,
                    0.3117290735244751
                ],
                [
                    0.06224328279495239,
                    -0.9763619303703308,
                    -0.20698601007461548,
                    -0.01524059846997261
                ],
                [
                    0.0,
                    0.0,
                    0.0,
                    1.0
                ]
            ]
        },
        {
            "file_path": "images/frame_000039.jpg",
            "transform_matrix": [
                [
                    0.4979754090309143,
                    0.21311864256858826,
                    -0.840595543384552,
                    -0.47885966300964355
                ],
                [
                    0.8652064800262451,
                    -0.05655887722969055,
                    0.49821558594703674,
                    0.2892811894416809
                ],
                [
                    0.05863584578037262,
                    -0.9753877520561218,
                    -0.2125566005706787,
                    -0.02095833420753479
                ],
                [
                    0.0,
                    0.0,
                    0.0,
                    1.0
                ]
            ]
        },
        {
            "file_path": "images/frame_000040.jpg",
            "transform_matrix": [
                [
                    0.4653293490409851,
                    0.21879766881465912,
                    -0.8576691150665283,
                    -0.470222532749176
                ],
                [
                    0.8841433525085449,
                    -0.06898202002048492,
                    0.46209508180618286,
                    0.26241278648376465
                ],
                [
                    0.04194153845310211,
                    -0.973328709602356,
                    -0.22554785013198853,
                    -0.010635126382112503
                ],
                [
                    0.0,
                    0.0,
                    0.0,
                    1.0
                ]
            ]
        },
        {
            "file_path": "images/frame_000041.jpg",
            "transform_matrix": [
                [
                    0.461852490901947,
                    0.2179964780807495,
                    -0.8597499132156372,
                    -0.4654707610607147
                ],
                [
                    0.8867162466049194,
                    -0.09091421216726303,
                    0.4532865881919861,
                    0.23856675624847412
                ],
                [
                    0.02065137028694153,
                    -0.9717057347297668,
                    -0.23528997600078583,
                    -0.0033244527876377106
                ],
                [
                    0.0,
                    0.0,
                    0.0,
                    1.0
                ]
            ]
        },
        {
            "file_path": "images/frame_000042.jpg",
            "transform_matrix": [
                [
                    0.39232519268989563,
                    0.23549103736877441,
                    -0.8891708850860596,
                    -0.4547588527202606
                ],
                [
                    0.9187506437301636,
                    -0.05358414724469185,
                    0.39118513464927673,
                    0.21598738431930542
                ],
                [
                    0.04447510838508606,
                    -0.9703982472419739,
                    -0.23737993836402893,
                    -0.0011626183986663818
                ],
                [
                    0.0,
                    0.0,
                    0.0,
                    1.0
                ]
            ]
        },
        {
            "file_path": "images/frame_000043.jpg",
            "transform_matrix": [
                [
                    0.32728224992752075,
                    0.23836517333984375,
                    -0.9143677353858948,
                    -0.46466851234436035
                ],
                [
                    0.9429986476898193,
                    -0.020608123391866684,
                    0.33215779066085815,
                    0.21384544670581818
                ],
                [
                    0.060331426560878754,
                    -0.9709569215774536,
                    -0.23152273893356323,
                    -0.006712686270475388
                ],
                [
                    0.0,
                    0.0,
                    0.0,
                    1.0
                ]
            ]
        },
        {
            "file_path": "images/frame_000044.jpg",
            "transform_matrix": [
                [
                    0.3191402852535248,
                    0.2176830768585205,
                    -0.9223684072494507,
                    -0.48084357380867004
                ],
                [
                    0.946053147315979,
                    -0.01569601148366928,
                    0.3236309289932251,
                    0.2021491825580597
                ],
                [
                    0.05597144365310669,
                    -0.9758931994438171,
                    -0.21094900369644165,
                    -0.006316151469945908
                ],
                [
                    0.0,
                    0.0,
                    0.0,
                    1.0
                ]
            ]
        },
        {
            "file_path": "images/frame_000045.jpg",
            "transform_matrix": [
                [
                    0.31427016854286194,
                    0.18710288405418396,
                    -0.9307131767272949,
                    -0.511380136013031
                ],
                [
                    0.9484253525733948,
                    -0.01900675892829895,
                    0.3164299726486206,
                    0.18687796592712402
                ],
                [
                    0.04151509702205658,
                    -0.9821563959121704,
                    -0.18342632055282593,
                    -0.0037418045103549957
                ],
                [
                    0.0,
                    0.0,
                    0.0,
                    1.0
                ]
            ]
        },
        {
            "file_path": "images/frame_000046.jpg",
            "transform_matrix": [
                [
                    0.2599305808544159,
                    0.1871647834777832,
                    -0.9473148584365845,
                    -0.5313559770584106
                ],
                [
                    0.9625842571258545,
                    0.027599550783634186,
                    0.26957324147224426,
                    0.17597387731075287
                ],
                [
                    0.076600082218647,
                    -0.9819408059120178,
                    -0.1729878932237625,
                    -0.008669864386320114
                ],
                [
                    0.0,
                    0.0,
                    0.0,
                    1.0
                ]
            ]
        },
        {
            "file_path": "images/frame_000047.jpg",
            "transform_matrix": [
                [
                    0.250113308429718,
                    0.18427617847919464,
                    -0.9505186080932617,
                    -0.5357425808906555
                ],
                [
                    0.9649120569229126,
